50 50
50 50
50 50
50 50
50 50
50 50
50 50
50 50
50 50
50 50
50 50
50 50
50 50
50 50
50 50
50 50
50 50
50 50
50 50
50 50
50 50
50 50
50 50
50 50
50 50
50 50
50 50
50 50
50 50
50 57
50 64
50 71
50 78
50 85
50 92
50 99
50 106
50 113
50 120
50 127
50 134
50 141
50 141
57 141
64 141
71 141
78 141
85 141
92 141
99 141
106 141
113 141
120 141
127 141
134 141
141 141
148 141
155 141
162 141
169 141
176 141
183 141
190 141
197 141
204 141
211 141
218 141
225 141
232 141
239 141
246 141
253 141
260 141
260 141
260 141
260 141
260 141
260 141
260 141
260 141
260 141
260 141
260 141
260 141
260 141
260 141
260 141
260 141
260 141
260 141
260 141
260 141
260 141
260 141
260 141
260 141
267 141
274 141
281 141
288 141
295 141
302 141
309 141
316 141
323 141
330 141
337 141
344 141
351 141
358 141
358 141
358 141
358 141
358 141
358 148
358 155
358 162
358 169
358 176
358 183
358 190
358 197
358 204
358 211
358 218
358 218
358 218
358 218
358 218
358 218
358 218
358 218
358 218
358 218
358 218
358 218
358 218
358 218
358 218
358 218
358 218
358 218
358 218
358 218
358 218
358 218
358 218
358 218
358 218
358 218
358 218
358 211
358 204
358 197
358 190
358 183
358 176
358 169
358 162
358 155
358 148
358 148
358 148
358 148
358 148
358 148
358 148
358 148
358 148
358 148
358 148
358 148
358 148
358 148
358 148
358 148
358 148
358 148
358 148
358 148
358 148
358 148
358 148
358 148
358 148
358 148
358 148
358 148
351 148
344 148
337 148
330 148
323 148
316 148
309 148
302 148
295 148
288 148
281 148
274 148
267 148
267 148
267 148
267 148
267 148
267 148
267 148
267 148
267 148
267 148
267 155
267 162
267 169
267 176
267 183
267 190
267 197
267 204
267 211
267 218
267 225
267 232
267 239
267 246
267 253
267 260
267 267
267 274
267 281
267 288
267 295
267 302
267 309
267 316
267 323
267 330
267 337
267 344
267 351
260 358
253 365
246 365
239 365
232 365
225 365
218 365
211 365
204 365
197 365
190 365
183 365
176 365
169 365
162 365
155 365
148 365
141 365
134 365
127 365
120 365
113 365
106 365
99 365
92 365
85 365
78 365
71 365
64 365
57 365
50 365
43 365
36 365
29 365
22 365
15 365
8 365
1 365
0 365
0 365
0 365
0 365
0 365
0 365
0 365
0 365
0 365
0 358
0 351
0 344
0 337
0 330
0 323
0 316
0 309
0 302
0 295
0 288
0 281
0 274
0 267
0 260
0 253
0 246
0 246
0 246
0 246
0 246
0 246
0 246
0 246
0 246
0 246
0 246
0 246
0 246
0 246
0 246
0 246
0 246
0 246
0 246
0 246
0 246
0 246
0 246
0 246
0 246
0 246
0 246
0 246
0 246
0 246
0 246
0 246
0 246
0 246
0 246
0 246
0 246
0 246
0 246
0 246
0 246
0 246
0 246
0 246
0 253
0 260
0 267
0 274
0 281
0 288
0 295
0 302
0 309
0 316
0 323
0 330
0 337
0 337
0 337
0 337
0 337
0 337
0 337
0 337
0 337
0 337
0 337
0 337
0 337
0 337
0 337
0 337
0 330
0 323
0 316
0 309
0 302
0 295
0 288
0 281
0 274
0 267
0 260
0 260
0 260
0 260
0 260
0 260
0 260
0 260
0 260
0 260
0 260
0 260
0 260
0 260
0 260
0 260
0 260
0 260
0 260
7 260
14 260
21 260
28 260
35 260
42 260
49 260
56 260
63 260
70 260
77 260
84 260
91 260
98 260
105 260
112 260
119 260
126 260
133 260
140 260
147 253
154 246
161 239
168 232
175 225
182 218
189 211
196 204
203 197
210 190
210 183
210 176
210 169
210 162
210 155
210 148
210 141
210 141
210 141
210 141
210 141
210 141
210 141
210 141
203 141
196 141
189 141
182 141
175 141
168 141
161 141
154 141
147 141
140 141
133 141
126 141
119 141
112 141
105 141
98 141
91 141
84 141
77 141
70 141
63 141
56 141
49 141
42 141
35 141
28 141
21 141
14 141
7 141
0 141
0 141
0 141
0 141
0 141
0 141
0 141
0 141
0 141
0 141
0 141
0 141
0 141
0 141
0 148
0 155
0 162
0 169
0 169
0 169
0 169
0 169
0 169
0 169
0 169
0 169
0 169
0 169
0 169
0 169
0 169
0 169
0 169
0 169
0 169
0 169
0 169
0 169
0 169
0 169
0 169
0 176
0 183
0 190
0 197
0 204
0 211
0 218
0 225
0 232
0 239
0 246
0 253
0 260
0 267
0 274
0 281
0 288
0 295
0 302
0 302
0 302
0 302
0 302
7 302
14 302
21 302
28 302
35 302
42 302
49 302
56 295
63 288
70 281
77 274
84 267
91 260
98 253
98 246
98 239
98 232
98 225
98 218
98 211
98 204
98 197
98 190
98 183
98 176
98 169
98 162
98 155
98 148
98 148
98 148
91 148
84 148
77 148
70 148
63 148
56 148
49 148
42 148
35 148
28 148
21 148
14 148
7 148
0 148
0 148
0 148
0 148
0 148
0 148
0 148
0 148
0 148
0 148
0 148
0 148
0 148
0 148
0 148
0 148
0 148
0 148
0 148
0 148
0 148
0 148
0 148
0 148
0 148
0 148
0 148
0 148
0 148
0 148
0 148
0 148
0 148
0 148
0 148
0 148
0 148
0 148
0 148
